{
 "cells": [
  {
   "cell_type": "code",
   "execution_count": 1,
   "metadata": {},
   "outputs": [
    {
     "name": "stdout",
     "output_type": "stream",
     "text": [
      "File downloaded and saved as: Criteo_x1.zip\n"
     ]
    }
   ],
   "source": [
    "import requests\n",
    "from pathlib import Path\n",
    "\n",
    "def download_file(url, local_filename=None):\n",
    "    if local_filename is None:\n",
    "        local_filename = url.split('/')[-1]\n",
    "    # Stream the download to handle large files\n",
    "    with requests.get(url, stream=True) as r:\n",
    "        r.raise_for_status()\n",
    "        with open(local_filename, 'wb') as f:\n",
    "            for chunk in r.iter_content(chunk_size=8192): \n",
    "                f.write(chunk)\n",
    "    return local_filename\n",
    "\n",
    "url = 'https://zenodo.org/record/5700987/files/Criteo_x1.zip'\n",
    "\n",
    "# Download the file and save it to the local directory\n",
    "downloaded_file = download_file(url)\n",
    "print(f\"File downloaded and saved as: {downloaded_file}\")\n"
   ]
  },
  {
   "cell_type": "code",
   "execution_count": 2,
   "metadata": {},
   "outputs": [
    {
     "name": "stdout",
     "output_type": "stream",
     "text": [
      "Extracting dataset...\n",
      "Extracted to ..\n"
     ]
    }
   ],
   "source": [
    "import zipfile\n",
    "import os\n",
    "from pathlib import Path\n",
    "\n",
    "# Name of the zip file\n",
    "zip_name = \"Criteo_x1.zip\"\n",
    "\n",
    "data_dir = Path()\n",
    "\n",
    "print(\"Extracting dataset...\")\n",
    "\n",
    "# Ensure the zip file exists before attempting to extract\n",
    "zip_path = data_dir / zip_name\n",
    "if zip_path.exists():\n",
    "    with zipfile.ZipFile(zip_path, 'r') as zip_ref:\n",
    "        zip_ref.extractall(data_dir)\n",
    "    print(f\"Extracted to {data_dir}.\")\n",
    "else:\n",
    "    print(f\"Zip file not found at {zip_path}. Please check the file path.\")\n"
   ]
  },
  {
   "cell_type": "markdown",
   "metadata": {},
   "source": [
    "Data Exploration "
   ]
  },
  {
   "cell_type": "markdown",
   "metadata": {},
   "source": [
    "    Pearson Correlation"
   ]
  },
  {
   "cell_type": "code",
   "execution_count": 4,
   "metadata": {},
   "outputs": [
    {
     "name": "stdout",
     "output_type": "stream",
     "text": [
      "          label        I1        I2        I3        I4        I5        I6  \\\n",
      "label  1.000000  0.155944  0.051900 -0.086154 -0.056836 -0.130083 -0.099671   \n",
      "I1     0.155944  1.000000  0.036529  0.041062  0.132071 -0.237793 -0.179097   \n",
      "I2     0.051900  0.036529  1.000000 -0.074889 -0.083222 -0.018936 -0.024170   \n",
      "I3    -0.086154  0.041062 -0.074889  1.000000  0.368557 -0.030109  0.046525   \n",
      "I4    -0.056836  0.132071 -0.083222  0.368557  1.000000 -0.176867  0.041437   \n",
      "I5    -0.130083 -0.237793 -0.018936 -0.030109 -0.176867  1.000000  0.121092   \n",
      "I6    -0.099671 -0.179097 -0.024170  0.046525  0.041437  0.121092  1.000000   \n",
      "I7     0.165841  0.477721  0.032823  0.007386  0.087583 -0.230841 -0.054678   \n",
      "I8    -0.031162  0.181367 -0.030091  0.276245  0.560517 -0.246192  0.084962   \n",
      "I9     0.030066  0.085661  0.001185  0.030442  0.217332 -0.137570  0.355272   \n",
      "I10    0.191959  0.656253  0.041144  0.036530  0.163117 -0.330171 -0.250610   \n",
      "I11    0.209889  0.334560  0.035267 -0.006684  0.103125 -0.328330 -0.030222   \n",
      "I12    0.076361  0.150409  0.000980 -0.003004  0.034575 -0.085530 -0.040674   \n",
      "I13   -0.114008  0.024815 -0.053278  0.378317  0.807754 -0.140353  0.123042   \n",
      "C1    -0.000162  0.000184  0.000249  0.000478  0.000402 -0.000386 -0.000002   \n",
      "C2     0.011714 -0.012188  0.018542 -0.112138 -0.033083  0.012355  0.034793   \n",
      "C3     0.015499  0.009555 -0.009646  0.011394 -0.004062 -0.004241 -0.014434   \n",
      "C4    -0.000209  0.013704 -0.014908  0.037909 -0.004555 -0.004138 -0.023676   \n",
      "C5     0.000002  0.000056 -0.000183 -0.000226  0.000552 -0.000146  0.000116   \n",
      "C6     0.018890 -0.001777  0.011336 -0.055029 -0.034725 -0.001162 -0.028916   \n",
      "C7    -0.045765 -0.065821 -0.012401  0.024349 -0.008989  0.079762  0.020030   \n",
      "C8    -0.000231 -0.000265  0.000138  0.000124  0.000118 -0.000151  0.000119   \n",
      "C9    -0.100382 -0.138183 -0.004972 -0.012455 -0.150127  0.648357 -0.012198   \n",
      "C10   -0.014619 -0.024019 -0.005885  0.016372 -0.007190  0.063893  0.020274   \n",
      "C11   -0.048742 -0.079729 -0.012715  0.024451 -0.015383  0.036560 -0.002934   \n",
      "C12    0.014794  0.010069 -0.009796  0.013978 -0.003426 -0.004539 -0.015209   \n",
      "C13   -0.046816 -0.084299 -0.013339  0.027941 -0.011468  0.047693  0.005051   \n",
      "C14    0.029646  0.014489 -0.012058 -0.028045 -0.041439  0.011514 -0.011379   \n",
      "C15    0.015425 -0.026578 -0.001192 -0.123023 -0.052283  0.021047 -0.009681   \n",
      "C16    0.012546  0.012878 -0.006505  0.025014 -0.004718 -0.004276 -0.019508   \n",
      "C17   -0.087101 -0.084342 -0.009335  0.006589 -0.047326 -0.011594 -0.118702   \n",
      "C18    0.030514 -0.029179  0.007350 -0.148516 -0.065295  0.024795 -0.009016   \n",
      "C19    0.000291  0.021395 -0.014432  0.047290 -0.007908 -0.013859 -0.030063   \n",
      "C20   -0.038181  0.046192 -0.056156  0.245853  0.050219 -0.026099 -0.060041   \n",
      "C21    0.013719  0.011464 -0.008448  0.018097 -0.003619 -0.004530 -0.016629   \n",
      "C22    0.021558  0.006516  0.008081 -0.007137 -0.002266  0.002496 -0.008237   \n",
      "C23   -0.032019  0.004836  0.003463 -0.004769  0.012019  0.013563 -0.001532   \n",
      "C24   -0.009473  0.008498 -0.007394  0.045902 -0.006659 -0.001031 -0.024156   \n",
      "C25    0.021958  0.060072 -0.003399  0.144128  0.026434 -0.037618 -0.030996   \n",
      "C26   -0.006153  0.015811 -0.011304  0.040977 -0.012383 -0.006500 -0.026517   \n",
      "\n",
      "             I7        I8        I9       I10       I11       I12       I13  \\\n",
      "label  0.165841 -0.031162  0.030066  0.191959  0.209889  0.076361 -0.114008   \n",
      "I1     0.477721  0.181367  0.085661  0.656253  0.334560  0.150409  0.024815   \n",
      "I2     0.032823 -0.030091  0.001185  0.041144  0.035267  0.000980 -0.053278   \n",
      "I3     0.007386  0.276245  0.030442  0.036530 -0.006684 -0.003004  0.378317   \n",
      "I4     0.087583  0.560517  0.217332  0.163117  0.103125  0.034575  0.807754   \n",
      "I5    -0.230841 -0.246192 -0.137570 -0.330171 -0.328330 -0.085530 -0.140353   \n",
      "I6    -0.054678  0.084962  0.355272 -0.250610 -0.030222 -0.040674  0.123042   \n",
      "I7     1.000000  0.186962  0.434119  0.347307  0.795669  0.165319  0.032992   \n",
      "I8     0.186962  1.000000  0.345186  0.204764  0.238375  0.053178  0.546011   \n",
      "I9     0.434119  0.345186  1.000000  0.080374  0.553260  0.076250  0.237681   \n",
      "I10    0.347307  0.204764  0.080374  1.000000  0.396091  0.134644  0.042173   \n",
      "I11    0.795669  0.238375  0.553260  0.396091  1.000000  0.163391  0.048078   \n",
      "I12    0.165319  0.053178  0.076250  0.134644  0.163391  1.000000 -0.001181   \n",
      "I13    0.032992  0.546011  0.237681  0.042173  0.048078 -0.001181  1.000000   \n",
      "C1     0.000105  0.000261  0.000131  0.000358  0.000283  0.000225  0.000567   \n",
      "C2     0.005079 -0.045643  0.035511 -0.026367  0.003481  0.004241 -0.026249   \n",
      "C3     0.021991 -0.019621 -0.001384  0.008701  0.022804  0.009325 -0.008628   \n",
      "C4     0.025067 -0.025723 -0.010991  0.012967  0.022310  0.011525 -0.009177   \n",
      "C5     0.000062  0.000569  0.000237  0.000031  0.000246 -0.000539  0.000469   \n",
      "C6     0.002318 -0.027950 -0.027966 -0.000404  0.004594 -0.001821 -0.037602   \n",
      "C7    -0.095364 -0.028779 -0.026164 -0.062687 -0.094498 -0.043123  0.004581   \n",
      "C8    -0.000257  0.000226 -0.000072 -0.000047 -0.000113  0.000352  0.000087   \n",
      "C9    -0.170331 -0.216053 -0.142588 -0.190466 -0.254415 -0.055830 -0.134368   \n",
      "C10   -0.036523 -0.015238 -0.009272 -0.020231 -0.032621 -0.039046 -0.000908   \n",
      "C11   -0.130417 -0.040067 -0.060012 -0.069034 -0.123086 -0.027685 -0.001601   \n",
      "C12    0.022509 -0.019487 -0.002056  0.009340  0.022994  0.008775 -0.008048   \n",
      "C13   -0.136428 -0.034869 -0.055296 -0.073186 -0.130287 -0.047041  0.004089   \n",
      "C14    0.040513 -0.047235  0.002565  0.006240  0.039911 -0.001795 -0.042994   \n",
      "C15   -0.034460 -0.078187 -0.034385 -0.031397 -0.039075  0.006662 -0.048138   \n",
      "C16    0.025839 -0.024283 -0.006250  0.011780  0.024571  0.009524 -0.009042   \n",
      "C17   -0.024283 -0.077937 -0.027560 -0.113354 -0.104814  0.248157 -0.036490   \n",
      "C18   -0.035453 -0.087866 -0.038011 -0.035266 -0.040141  0.004667 -0.059268   \n",
      "C19    0.032689 -0.025573 -0.010288  0.023385  0.032372 -0.000539 -0.011181   \n",
      "C20    0.051827  0.003053 -0.013890  0.056193  0.054089 -0.005338  0.035405   \n",
      "C21    0.024401 -0.020939 -0.003264  0.010310  0.024006  0.008985 -0.008314   \n",
      "C22    0.004063  0.006877 -0.003767  0.008437  0.005811  0.011129 -0.004896   \n",
      "C23    0.016783  0.039571  0.041090 -0.016068 -0.002286 -0.015704  0.015313   \n",
      "C24    0.017147 -0.027604 -0.015539  0.006978  0.011616 -0.004533 -0.008921   \n",
      "C25    0.102926  0.000453  0.044136  0.055307  0.103601  0.023924  0.021265   \n",
      "C26    0.029340 -0.030652 -0.009519  0.012935  0.026120 -0.003730 -0.011948   \n",
      "\n",
      "             C1        C2        C3        C4        C5        C6        C7  \\\n",
      "label -0.000162  0.011714  0.015499 -0.000209  0.000002  0.018890 -0.045765   \n",
      "I1     0.000184 -0.012188  0.009555  0.013704  0.000056 -0.001777 -0.065821   \n",
      "I2     0.000249  0.018542 -0.009646 -0.014908 -0.000183  0.011336 -0.012401   \n",
      "I3     0.000478 -0.112138  0.011394  0.037909 -0.000226 -0.055029  0.024349   \n",
      "I4     0.000402 -0.033083 -0.004062 -0.004555  0.000552 -0.034725 -0.008989   \n",
      "I5    -0.000386  0.012355 -0.004241 -0.004138 -0.000146 -0.001162  0.079762   \n",
      "I6    -0.000002  0.034793 -0.014434 -0.023676  0.000116 -0.028916  0.020030   \n",
      "I7     0.000105  0.005079  0.021991  0.025067  0.000062  0.002318 -0.095364   \n",
      "I8     0.000261 -0.045643 -0.019621 -0.025723  0.000569 -0.027950 -0.028779   \n",
      "I9     0.000131  0.035511 -0.001384 -0.010991  0.000237 -0.027966 -0.026164   \n",
      "I10    0.000358 -0.026367  0.008701  0.012967  0.000031 -0.000404 -0.062687   \n",
      "I11    0.000283  0.003481  0.022804  0.022310  0.000246  0.004594 -0.094498   \n",
      "I12    0.000225  0.004241  0.009325  0.011525 -0.000539 -0.001821 -0.043123   \n",
      "I13    0.000567 -0.026249 -0.008628 -0.009177  0.000469 -0.037602  0.004581   \n",
      "C1     1.000000  0.000068  0.000278  0.000170  0.000963  0.000107  0.000216   \n",
      "C2     0.000068  1.000000 -0.000785 -0.036861  0.000270  0.007501  0.087500   \n",
      "C3     0.000278 -0.000785  1.000000  0.426282 -0.000211  0.007271 -0.005716   \n",
      "C4     0.000170 -0.036861  0.426282  1.000000 -0.000481 -0.001248 -0.002366   \n",
      "C5     0.000963  0.000270 -0.000211 -0.000481  1.000000  0.000099 -0.000046   \n",
      "C6     0.000107  0.007501  0.007271 -0.001248  0.000099  1.000000  0.004298   \n",
      "C7     0.000216  0.087500 -0.005716 -0.002366 -0.000046  0.004298  1.000000   \n",
      "C8     0.002707  0.000050 -0.000218  0.000049 -0.000017 -0.000114  0.000059   \n",
      "C9    -0.000375 -0.043453 -0.010902 -0.007714 -0.000425 -0.007553  0.004408   \n",
      "C10    0.000323  0.009860  0.002596  0.005227  0.000037  0.001907  0.254687   \n",
      "C11    0.000175  0.098879 -0.006425 -0.003236 -0.000112  0.004954  0.759128   \n",
      "C12    0.000261 -0.004037  0.954596  0.433257 -0.000216  0.006902 -0.005642   \n",
      "C13    0.000420  0.100808 -0.005735 -0.001845  0.000059  0.003538  0.821602   \n",
      "C14    0.000221  0.094316  0.033344  0.039507  0.000149  0.038436  0.000119   \n",
      "C15   -0.000100  0.256105  0.028761  0.031009  0.000012  0.024757  0.055428   \n",
      "C16    0.000349 -0.016807  0.722220  0.555038 -0.000297  0.002642 -0.004964   \n",
      "C17   -0.000055 -0.005286 -0.014344 -0.010624 -0.000611 -0.005063  0.024301   \n",
      "C18   -0.000157  0.312177  0.027412  0.021612  0.000048  0.035373  0.047886   \n",
      "C19    0.000355 -0.090184  0.074511  0.148740  0.000179 -0.007195 -0.002751   \n",
      "C20    0.000290 -0.187381  0.077729  0.147008  0.000044 -0.073369  0.012089   \n",
      "C21    0.000291 -0.007244  0.871352  0.458942 -0.000349  0.005521 -0.005170   \n",
      "C22    0.000035 -0.014217 -0.007752 -0.008892 -0.000051  0.066192 -0.006526   \n",
      "C23    0.000007  0.069417  0.000650 -0.010469 -0.000167  0.027601  0.009276   \n",
      "C24    0.000204 -0.037473  0.138082  0.396679 -0.000361 -0.005391  0.007693   \n",
      "C25    0.000061 -0.010850  0.066366  0.126812  0.000184 -0.053167  0.052500   \n",
      "C26    0.000185 -0.053831  0.093964  0.312085 -0.000057 -0.007444  0.006103   \n",
      "\n",
      "             C8        C9       C10       C11       C12       C13       C14  \\\n",
      "label -0.000231 -0.100382 -0.014619 -0.048742  0.014794 -0.046816  0.029646   \n",
      "I1    -0.000265 -0.138183 -0.024019 -0.079729  0.010069 -0.084299  0.014489   \n",
      "I2     0.000138 -0.004972 -0.005885 -0.012715 -0.009796 -0.013339 -0.012058   \n",
      "I3     0.000124 -0.012455  0.016372  0.024451  0.013978  0.027941 -0.028045   \n",
      "I4     0.000118 -0.150127 -0.007190 -0.015383 -0.003426 -0.011468 -0.041439   \n",
      "I5    -0.000151  0.648357  0.063893  0.036560 -0.004539  0.047693  0.011514   \n",
      "I6     0.000119 -0.012198  0.020274 -0.002934 -0.015209  0.005051 -0.011379   \n",
      "I7    -0.000257 -0.170331 -0.036523 -0.130417  0.022509 -0.136428  0.040513   \n",
      "I8     0.000226 -0.216053 -0.015238 -0.040067 -0.019487 -0.034869 -0.047235   \n",
      "I9    -0.000072 -0.142588 -0.009272 -0.060012 -0.002056 -0.055296  0.002565   \n",
      "I10   -0.000047 -0.190466 -0.020231 -0.069034  0.009340 -0.073186  0.006240   \n",
      "I11   -0.000113 -0.254415 -0.032621 -0.123086  0.022994 -0.130287  0.039911   \n",
      "I12    0.000352 -0.055830 -0.039046 -0.027685  0.008775 -0.047041 -0.001795   \n",
      "I13    0.000087 -0.134368 -0.000908 -0.001601 -0.008048  0.004089 -0.042994   \n",
      "C1     0.002707 -0.000375  0.000323  0.000175  0.000261  0.000420  0.000221   \n",
      "C2     0.000050 -0.043453  0.009860  0.098879 -0.004037  0.100808  0.094316   \n",
      "C3    -0.000218 -0.010902  0.002596 -0.006425  0.954596 -0.005735  0.033344   \n",
      "C4     0.000049 -0.007714  0.005227 -0.003236  0.433257 -0.001845  0.039507   \n",
      "C5    -0.000017 -0.000425  0.000037 -0.000112 -0.000216  0.000059  0.000149   \n",
      "C6    -0.000114 -0.007553  0.001907  0.004954  0.006902  0.003538  0.038436   \n",
      "C7     0.000059  0.004408  0.254687  0.759128 -0.005642  0.821602  0.000119   \n",
      "C8     1.000000 -0.000537  0.000101 -0.000043 -0.000232  0.000165  0.000362   \n",
      "C9    -0.000537  1.000000  0.009804 -0.046245 -0.010802 -0.055453 -0.005283   \n",
      "C10    0.000101  0.009804  1.000000  0.201912  0.002607  0.266985  0.009032   \n",
      "C11   -0.000043 -0.046245  0.201912  1.000000 -0.006459  0.873533  0.000697   \n",
      "C12   -0.000232 -0.010802  0.002607 -0.006459  1.000000 -0.005916  0.032803   \n",
      "C13    0.000165 -0.055453  0.266985  0.873533 -0.005916  1.000000  0.002994   \n",
      "C14    0.000362 -0.005283  0.009032  0.000697  0.032803  0.002994  1.000000   \n",
      "C15   -0.000180  0.045451 -0.001003  0.065499  0.027156  0.062200  0.082368   \n",
      "C16    0.000036 -0.009155  0.003874 -0.005934  0.733123 -0.005141  0.037956   \n",
      "C17   -0.000130  0.212487 -0.065532  0.026389 -0.014609 -0.002704 -0.027424   \n",
      "C18   -0.000119  0.041264 -0.001792  0.057757  0.026236  0.053321  0.044303   \n",
      "C19   -0.000210 -0.019389  0.007603 -0.004826  0.078214 -0.002929  0.048425   \n",
      "C20    0.000287 -0.023013  0.021737  0.005006  0.083145  0.010969  0.055540   \n",
      "C21   -0.000093 -0.010188  0.003067 -0.005956  0.891523 -0.005361  0.035992   \n",
      "C22    0.000243  0.004211 -0.006552 -0.002276 -0.007820 -0.008206  0.000253   \n",
      "C23    0.000504  0.055623 -0.026272  0.034735 -0.000661  0.007534  0.147873   \n",
      "C24    0.000053 -0.004058  0.007410  0.006877  0.142346  0.008487  0.040128   \n",
      "C25    0.000146 -0.038526  0.014367  0.055718  0.070283  0.057831  0.022022   \n",
      "C26    0.000142 -0.012231  0.007529  0.005091  0.098803  0.006825  0.057258   \n",
      "\n",
      "            C15       C16       C17       C18       C19       C20       C21  \\\n",
      "label  0.015425  0.012546 -0.087101  0.030514  0.000291 -0.038181  0.013719   \n",
      "I1    -0.026578  0.012878 -0.084342 -0.029179  0.021395  0.046192  0.011464   \n",
      "I2    -0.001192 -0.006505 -0.009335  0.007350 -0.014432 -0.056156 -0.008448   \n",
      "I3    -0.123023  0.025014  0.006589 -0.148516  0.047290  0.245853  0.018097   \n",
      "I4    -0.052283 -0.004718 -0.047326 -0.065295 -0.007908  0.050219 -0.003619   \n",
      "I5     0.021047 -0.004276 -0.011594  0.024795 -0.013859 -0.026099 -0.004530   \n",
      "I6    -0.009681 -0.019508 -0.118702 -0.009016 -0.030063 -0.060041 -0.016629   \n",
      "I7    -0.034460  0.025839 -0.024283 -0.035453  0.032689  0.051827  0.024401   \n",
      "I8    -0.078187 -0.024283 -0.077937 -0.087866 -0.025573  0.003053 -0.020939   \n",
      "I9    -0.034385 -0.006250 -0.027560 -0.038011 -0.010288 -0.013890 -0.003264   \n",
      "I10   -0.031397  0.011780 -0.113354 -0.035266  0.023385  0.056193  0.010310   \n",
      "I11   -0.039075  0.024571 -0.104814 -0.040141  0.032372  0.054089  0.024006   \n",
      "I12    0.006662  0.009524  0.248157  0.004667 -0.000539 -0.005338  0.008985   \n",
      "I13   -0.048138 -0.009042 -0.036490 -0.059268 -0.011181  0.035405 -0.008314   \n",
      "C1    -0.000100  0.000349 -0.000055 -0.000157  0.000355  0.000290  0.000291   \n",
      "C2     0.256105 -0.016807 -0.005286  0.312177 -0.090184 -0.187381 -0.007244   \n",
      "C3     0.028761  0.722220 -0.014344  0.027412  0.074511  0.077729  0.871352   \n",
      "C4     0.031009  0.555038 -0.010624  0.021612  0.148740  0.147008  0.458942   \n",
      "C5     0.000012 -0.000297 -0.000611  0.000048  0.000179  0.000044 -0.000349   \n",
      "C6     0.024757  0.002642 -0.005063  0.035373 -0.007195 -0.073369  0.005521   \n",
      "C7     0.055428 -0.004964  0.024301  0.047886 -0.002751  0.012089 -0.005170   \n",
      "C8    -0.000180  0.000036 -0.000130 -0.000119 -0.000210  0.000287 -0.000093   \n",
      "C9     0.045451 -0.009155  0.212487  0.041264 -0.019389 -0.023013 -0.010188   \n",
      "C10   -0.001003  0.003874 -0.065532 -0.001792  0.007603  0.021737  0.003067   \n",
      "C11    0.065499 -0.005934  0.026389  0.057757 -0.004826  0.005006 -0.005956   \n",
      "C12    0.027156  0.733123 -0.014609  0.026236  0.078214  0.083145  0.891523   \n",
      "C13    0.062200 -0.005141 -0.002704  0.053321 -0.002929  0.010969 -0.005361   \n",
      "C14    0.082368  0.037956 -0.027424  0.044303  0.048425  0.055540  0.035992   \n",
      "C15    1.000000  0.028478  0.046880  0.870841 -0.090794 -0.287857  0.027942   \n",
      "C16    0.028478  1.000000 -0.014572  0.026610  0.106976  0.112501  0.779906   \n",
      "C17    0.046880 -0.014572  1.000000  0.042951 -0.030529 -0.064211 -0.014638   \n",
      "C18    0.870841  0.026610  0.042951  1.000000 -0.107442 -0.337295  0.026521   \n",
      "C19   -0.090794  0.106976 -0.030529 -0.107442  1.000000  0.245639  0.087504   \n",
      "C20   -0.287857  0.112501 -0.064211 -0.337295  0.245639  1.000000  0.091612   \n",
      "C21    0.027942  0.779906 -0.014638  0.026521  0.087504  0.091612  1.000000   \n",
      "C22   -0.004184 -0.009092  0.006982 -0.003741 -0.008702 -0.024299 -0.008428   \n",
      "C23    0.035014 -0.001045  0.061342  0.036579 -0.012561 -0.066018 -0.000107   \n",
      "C24    0.018502  0.206929 -0.009411  0.006696  0.177965  0.172285  0.157206   \n",
      "C25   -0.149991  0.099505 -0.033003 -0.185521  0.147762  0.496759  0.079207   \n",
      "C26   -0.069393  0.160509 -0.021966 -0.096943  0.224284  0.225050  0.113602   \n",
      "\n",
      "            C22       C23       C24       C25       C26  \n",
      "label  0.021558 -0.032019 -0.009473  0.021958 -0.006153  \n",
      "I1     0.006516  0.004836  0.008498  0.060072  0.015811  \n",
      "I2     0.008081  0.003463 -0.007394 -0.003399 -0.011304  \n",
      "I3    -0.007137 -0.004769  0.045902  0.144128  0.040977  \n",
      "I4    -0.002266  0.012019 -0.006659  0.026434 -0.012383  \n",
      "I5     0.002496  0.013563 -0.001031 -0.037618 -0.006500  \n",
      "I6    -0.008237 -0.001532 -0.024156 -0.030996 -0.026517  \n",
      "I7     0.004063  0.016783  0.017147  0.102926  0.029340  \n",
      "I8     0.006877  0.039571 -0.027604  0.000453 -0.030652  \n",
      "I9    -0.003767  0.041090 -0.015539  0.044136 -0.009519  \n",
      "I10    0.008437 -0.016068  0.006978  0.055307  0.012935  \n",
      "I11    0.005811 -0.002286  0.011616  0.103601  0.026120  \n",
      "I12    0.011129 -0.015704 -0.004533  0.023924 -0.003730  \n",
      "I13   -0.004896  0.015313 -0.008921  0.021265 -0.011948  \n",
      "C1     0.000035  0.000007  0.000204  0.000061  0.000185  \n",
      "C2    -0.014217  0.069417 -0.037473 -0.010850 -0.053831  \n",
      "C3    -0.007752  0.000650  0.138082  0.066366  0.093964  \n",
      "C4    -0.008892 -0.010469  0.396679  0.126812  0.312085  \n",
      "C5    -0.000051 -0.000167 -0.000361  0.000184 -0.000057  \n",
      "C6     0.066192  0.027601 -0.005391 -0.053167 -0.007444  \n",
      "C7    -0.006526  0.009276  0.007693  0.052500  0.006103  \n",
      "C8     0.000243  0.000504  0.000053  0.000146  0.000142  \n",
      "C9     0.004211  0.055623 -0.004058 -0.038526 -0.012231  \n",
      "C10   -0.006552 -0.026272  0.007410  0.014367  0.007529  \n",
      "C11   -0.002276  0.034735  0.006877  0.055718  0.005091  \n",
      "C12   -0.007820 -0.000661  0.142346  0.070283  0.098803  \n",
      "C13   -0.008206  0.007534  0.008487  0.057831  0.006825  \n",
      "C14    0.000253  0.147873  0.040128  0.022022  0.057258  \n",
      "C15   -0.004184  0.035014  0.018502 -0.149991 -0.069393  \n",
      "C16   -0.009092 -0.001045  0.206929  0.099505  0.160509  \n",
      "C17    0.006982  0.061342 -0.009411 -0.033003 -0.021966  \n",
      "C18   -0.003741  0.036579  0.006696 -0.185521 -0.096943  \n",
      "C19   -0.008702 -0.012561  0.177965  0.147762  0.224284  \n",
      "C20   -0.024299 -0.066018  0.172285  0.496759  0.225050  \n",
      "C21   -0.008428 -0.000107  0.157206  0.079207  0.113602  \n",
      "C22    1.000000  0.038828 -0.008929 -0.014674 -0.008441  \n",
      "C23    0.038828  1.000000 -0.005441 -0.013330 -0.005927  \n",
      "C24   -0.008929 -0.005441  1.000000  0.148727  0.661153  \n",
      "C25   -0.014674 -0.013330  0.148727  1.000000  0.193955  \n",
      "C26   -0.008441 -0.005927  0.661153  0.193955  1.000000  \n",
      "Average Pearson cell correlation:  0.030601703672268537\n"
     ]
    },
    {
     "data": {
      "text/plain": [
       "<Figure size 1500x1500 with 0 Axes>"
      ]
     },
     "metadata": {},
     "output_type": "display_data"
    },
    {
     "data": {
